130103
130123
131082
140105
140421
140423
140702
141182
142223
152525
210122
210323
220284
310107
330483
331003
331081
340101
340104
340825
340881
341221
341221
341302
342225
342423
342425
350702
360103
360203
360311
360727
362334
362429
362531
362532
370403
370406
370522
370704
370802
371329
371581
372324
410102
410323
410721
410823
410883
411324
411524
411526
412725
412822
420111
421182
429001
429004
430105
430105
430122
430181
430302
430408
430421
430481
430502
430503
430521
430523
430524
430623
430703
430724
430725
430903
430922
430981
431025
431122
431202
441426
445221
500222
510183
510502
511025
511724
513902
520122
522130
530323
532128
610124
610429
620103
620321
620502
620503